******************************
Decoder NO: 1
a: [12 12 12 12 12 12 12 12 12 12 12 12 12 12 12 12 12 12 12 12 12 12 12 12 12 12 12 12 12 12 12 12 12 12 12 12 12 12 12 12 12 12 12 12 12 12 12 12 12 12 12 12 12 12 12 12 12 12 12 12 12 12 12 12 12 12 12 12 12 12 12 12 12 12 12 12 12 12 12 12 12 12 12 12 12 12 12 12 12 12 12 12 12 12 12 12 12 12 12 12 12 12 12 12 12 12 12 12 12 12 12 12 12 12 12 12 12 12 12 12 12 12 12 12 12 12 12]
b: [1 1 1 1 1 1 1 1 1 1 1 1 1 1 1 1 1 1 1 1 1 1 1 1 1 1 1 1 1 1 1 1 1 1 1 1 1 1 1 1 1 1 1 1 1 1 1 1 1 1 1 1 1 1 1 1 1 1 1 1 1 1 1 1 1 1 1 1 1 1 1 1 1 1 1 1 1 1 1 1 1 1 1 1 1 1 1 1 1 1 1 1 1 1 1 1 1 1 1 1 1 1 1 1 1 1 1 1 1 1 1 1 1 1 1 1 1 1 1 1 1 1 1 1 1 1 1]
DELTA_margin: 0
FLAG_RESTART: 1
L_t: 15
m: [4 4 3 2 2 0 0]
******************************
******************************
Decoder NO: 2
a: [4.8 4.8 4.8 4.8 4.8 4.8 4.8 4.8 6.4 6.4 6.4 4.8 4.8 4.8 4.8 4.8 4.8 4.8 4.8 4.8 4.8 4.8 4.8 4.8 4.8 4.8 4.8 4.8 4.8 4.8 4.8 4.8 6.4 6.4 8 6.4 4.8 6.4 6.4 6.4 6.4 8 8 6.4 6.4 6.4 6.4 6.4 6.4 6.4 6.4 6.4 6.4 4.8 4.8 4.8 4.8 6.4 6.4 6.4 6.4 4.8 4.8 4.8 6.4 6.4 6.4 8 8 8 8 6.4 6.4 6.4 6.4 8 6.4 6.4 6.4 6.4 4.8 4.8 6.4 6.4 8 8 8 8 8 8 6.4 6.4 8 6.4 6.4 8 8 6.4 8 8 8 6.4 8 8 6.4 4.8 4.8 4.8 3.2 3.2 3.2 3.2 3.2 3.2 3.2 3.2 3.2 3.2 3.2 3.2 3.2 3.2 20.8 3.2 3.2 3.2 4.8]
b: [0.6 0.6 0.6 0.6 0.6 0.6 0.6 0.6 0.8 0.8 0.8 0.6 0.6 0.6 0.6 0.6 0.6 0.6 0.6 0.6 0.6 0.6 0.6 0.6 0.6 0.6 0.6 0.6 0.6 0.6 0.6 0.6 0.8 0.8 1 0.8 0.6 0.8 0.8 0.8 0.8 1 1 0.8 0.8 0.8 0.8 0.8 0.8 0.8 0.8 0.8 0.8 0.6 0.6 0.6 0.6 0.8 0.8 0.8 0.8 0.6 0.6 0.6 0.8 0.8 0.8 1 1 1 1 0.8 0.8 0.8 0.8 1 0.8 0.8 0.8 0.8 0.6 0.6 0.8 0.8 1 1 1 1 1 1 0.8 0.8 1 0.8 0.8 1 1 0.8 1 1 1 0.8 1 1 0.8 0.6 0.6 0.6 0.4 0.4 0.4 0.4 0.4 0.4 0.4 0.4 0.4 0.4 0.4 0.4 0.4 0.4 2.6 0.4 0.4 0.4 0.6]
DELTA_margin: 0
FLAG_RESTART: 0
L_t: 15
m: [4 2 2 2 1 1 0]
******************************
******************************
Decoder NO: 3
a: [25.6 9.6 9.6 9.6 8 8 8 8 12.8 12.8 12.8 8 8 9.6 8 8 8 8 8 8 9.6 9.6 9.6 8 8 9.6 9.6 9.6 8 8 8 8 12.8 12.8 8 12.8 8 12.8 12.8 12.8 12.8 8 8 12.8 12.8 12.8 12.8 12.8 12.8 12.8 12.8 12.8 12.8 8 9.6 9.6 8 12.8 12.8 12.8 12.8 8 8 8 12.8 12.8 12.8 8 8 8 8 12.8 12.8 12.8 12.8 8 12.8 12.8 12.8 12.8 8 8 12.8 12.8 8 8 8 8 8 8 12.8 12.8 8 12.8 12.8 8 8 14.4 8 8 8 14.4 8 8 12.8 8 9.6 25.6 4.8 4.8 3.2 4.8 4.8 3.2 3.2 3.2 3.2 3.2 3.2 4.8 3.2 3.2 3.2 3.2 3.2 4.8 25.6]
b: [3.2 1.2 1.2 1.2 1 1 1 1 1.6 1.6 1.6 1 1 1.2 1 1 1 1 1 1 1.2 1.2 1.2 1 1 1.2 1.2 1.2 1 1 1 1 1.6 1.6 1 1.6 1 1.6 1.6 1.6 1.6 1 1 1.6 1.6 1.6 1.6 1.6 1.6 1.6 1.6 1.6 1.6 1 1.2 1.2 1 1.6 1.6 1.6 1.6 1 1 1 1.6 1.6 1.6 1 1 1 1 1.6 1.6 1.6 1.6 1 1.6 1.6 1.6 1.6 1 1 1.6 1.6 1 1 1 1 1 1 1.6 1.6 1 1.6 1.6 1 1 1.8 1 1 1 1.8 1 1 1.6 1 1.2 3.2 0.6 0.6 0.4 0.6 0.6 0.4 0.4 0.4 0.4 0.4 0.4 0.6 0.4 0.4 0.4 0.4 0.4 0.6 3.2]
DELTA_margin: 0
FLAG_RESTART: 0
L_t: 15
m: [4 2 2 2 2 2 0]
******************************
******************************
Decoder NO: 4
a: [3.2 3.2 3.2 3.2 19.2 19.2 19.2 19.2 4.8 4.8 4.8 19.2 19.2 3.2 19.2 19.2 19.2 19.2 19.2 19.2 3.2 3.2 3.2 19.2 19.2 3.2 3.2 3.2 19.2 19.2 19.2 19.2 4.8 4.8 4.8 4.8 19.2 4.8 4.8 4.8 4.8 4.8 4.8 4.8 4.8 4.8 4.8 4.8 4.8 4.8 4.8 4.8 4.8 19.2 3.2 3.2 19.2 4.8 4.8 4.8 4.8 19.2 19.2 19.2 4.8 4.8 4.8 4.8 4.8 4.8 4.8 4.8 4.8 4.8 4.8 4.8 4.8 4.8 4.8 4.8 19.2 19.2 4.8 4.8 4.8 4.8 4.8 4.8 4.8 4.8 4.8 4.8 4.8 4.8 4.8 4.8 4.8 4.8 4.8 4.8 4.8 4.8 4.8 4.8 4.8 19.2 3.2 3.2 4.8 4.8 14.4 4.8 4.8 14.4 14.4 14.4 14.4 14.4 14.4 4.8 14.4 14.4 1.6 14.4 14.4 4.8 3.2]
b: [0.4 0.4 0.4 0.4 2.4 2.4 2.4 2.4 0.6 0.6 0.6 2.4 2.4 0.4 2.4 2.4 2.4 2.4 2.4 2.4 0.4 0.4 0.4 2.4 2.4 0.4 0.4 0.4 2.4 2.4 2.4 2.4 0.6 0.6 0.6 0.6 2.4 0.6 0.6 0.6 0.6 0.6 0.6 0.6 0.6 0.6 0.6 0.6 0.6 0.6 0.6 0.6 0.6 2.4 0.4 0.4 2.4 0.6 0.6 0.6 0.6 2.4 2.4 2.4 0.6 0.6 0.6 0.6 0.6 0.6 0.6 0.6 0.6 0.6 0.6 0.6 0.6 0.6 0.6 0.6 2.4 2.4 0.6 0.6 0.6 0.6 0.6 0.6 0.6 0.6 0.6 0.6 0.6 0.6 0.6 0.6 0.6 0.6 0.6 0.6 0.6 0.6 0.6 0.6 0.6 2.4 0.4 0.4 0.6 0.6 1.8 0.6 0.6 1.8 1.8 1.8 1.8 1.8 1.8 0.6 1.8 1.8 0.2 1.8 1.8 0.6 0.4]
DELTA_margin: 0
FLAG_RESTART: 0
L_t: 15
m: [4 3 3 1 1 1 0]
******************************
